# /dev/cpu_dma_latency set to 0us
# Histogram
000000 000000	000000	000000	000000
000001 000000	000000	000000	000000
000002 000000	000000	000000	000000
000003 000000	000000	000000	000000
000004 000000	000000	000000	000000
000005 000078	000011	000213	000015
000006 000147	000013	000071	000047
000007 000297	000569	000295	000556
000008 000075	000009	000021	000009
000009 000006	000010	000006	000001
000010 000011	000004	000005	000002
000011 000019	000006	000004	000002
000012 000135	000098	000028	000005
000013 006117	012084	009408	001557
000014 000383	006324	000619	000171
000015 001426	004942	000382	000081
000016 014670	039429	025622	080257
000017 060166	027887	054867	014577
000018 009473	005930	006662	001631
000019 004727	001315	001099	000251
000020 001236	000323	000270	000097
000021 000332	000132	000066	000041
000022 000092	000108	000019	000027
000023 000038	000056	000030	000013
000024 000051	000153	000025	000010
000025 000028	000245	000010	000010
000026 000049	000127	000027	000050
000027 000050	000032	000065	000396
000028 000161	000023	000102	000089
000029 000061	000018	000039	000033
000030 000024	000018	000016	000031
000031 000022	000014	000008	000014
000032 000017	000015	000003	000010
000033 000015	000012	000002	000001
000034 000007	000010	000001	000001
000035 000004	000002	000001	000001
000036 000004	000007	000001	000001
000037 000004	000002	000004	000000
000038 000005	000003	000001	000003
000039 000005	000004	000000	000001
000040 000006	000002	000001	000000
000041 000004	000002	000001	000000
000042 000005	000003	000001	000000
000043 000000	000002	000000	000000
000044 000005	000002	000000	000000
000045 000002	000003	000000	000002
000046 000004	000001	000001	000000
000047 000001	000001	000000	000000
000048 000002	000001	000000	000000
000049 000001	000001	000000	000001
000050 000004	000001	000000	000000
000051 000002	000003	000001	000000
000052 000001	000003	000000	000001
000053 000002	000001	000000	000000
000054 000002	000001	000000	000000
000055 000000	000003	000000	000000
000056 000000	000002	000000	000000
000057 000002	000000	000000	000001
000058 000000	000002	000000	000000
000059 000000	000001	000000	000001
000060 000001	000001	000000	000000
000061 000000	000001	000000	000000
000062 000001	000000	000000	000000
000063 000000	000000	000000	000000
000064 000002	000000	000000	000000
000065 000000	000001	000000	000000
000066 000000	000001	000001	000000
000067 000000	000001	000000	000000
000068 000000	000003	000000	000000
000069 000002	000000	000000	000000
000070 000001	000001	000000	000001
000071 000000	000000	000000	000000
000072 000002	000000	000000	000000
000073 000000	000000	000000	000000
000074 000001	000002	000000	000000
000075 000001	000000	000000	000000
000076 000000	000000	000001	000000
000077 000001	000000	000000	000000
000078 000000	000001	000000	000000
000079 000002	000000	000000	000000
000080 000000	000000	000000	000000
000081 000000	000000	000000	000000
000082 000000	000001	000000	000000
000083 000000	000000	000000	000000
000084 000000	000000	000000	000000
000085 000000	000001	000000	000000
000086 000000	000002	000000	000000
000087 000001	000000	000000	000000
000088 000000	000000	000000	000000
000089 000002	000000	000000	000000
000090 000000	000000	000000	000000
000091 000000	000000	000000	000000
000092 000000	000000	000000	000000
000093 000000	000000	000000	000000
000094 000001	000001	000000	000000
000095 000000	000001	000000	000000
000096 000000	000000	000000	000000
000097 000000	000000	000000	000000
000098 000000	000000	000000	000000
000099 000000	000000	000000	000000
# Total: 000099996 000099988 000099999 000099998
# Min Latencies: 00005 00005 00005 00005
# Avg Latencies: 00016 00015 00016 00016
# Max Latencies: 00137 00364 00105 00178
# Histogram Overflows: 00004 00012 00001 00002
# Histogram Overflow at cycle number:
# Thread 0: 00550 01086 01152 07031
# Thread 1: 01038 01039 01043 01044 01093 01094 01096 01098 01099 01133 80321 82473
# Thread 2: 01210
# Thread 3: 01050 72434

